0 1.0 0.0 -0.0 0.0 -0.0 -0.0 -0.0 1 0.jpg
1 1 -1
1 0.9510565162951535 0.0 -0.30901699437494745 0.0 -0.0 -0.0 0.0 1 1.jpg
1 1 -1
2 0.8090169943749475 0.0 -0.5877852522924731 0.0 -0.0 0.0 0.0 1 2.jpg
1 1 -1
3 0.5877852522924731 0.0 -0.8090169943749475 0.0 -0.0 -0.0 -0.0 1 3.jpg
1 1 -1
4 -0.3090169943749475 0.0 0.9510565162951535 0.0 -0.0 -0.0 -0.0 1 4.jpg
1 1 -1
5 -6.123233995736766e-17 0.0 1.0 0.0 -0.0 -0.0 0.0 1 5.jpg
1 1 -1
6 0.3090169943749474 0.0 0.9510565162951535 0.0 -0.0 0.0 0.0 1 6.jpg
1 1 -1
7 0.587785252292473 0.0 0.8090169943749476 0.0 -0.0 -0.0 0.0 1 7.jpg
1 1 -1
8 0.8090169943749473 0.0 0.5877852522924732 0.0 -0.0 0.0 -0.0 1 8.jpg
1 1 -1
9 0.9510565162951535 0.0 0.30901699437494756 0.0 0.0 -0.0 -0.0 1 9.jpg
1 1 -1
10 0.9659258262890683 -0.25881904510252074 0.0 0.0 -0.0 -0.0 -0.0 1 10.jpg
1 1 -1
11 0.918650051349999 -0.2461515393860416 0.29848749562898547 -0.0799794834045749 -0.0 -0.0 -0.0 1 11.jpg
1 1 -1
12 0.7814504087735197 -0.20938900595583526 0.5677569555011356 -0.15213001772368212 -0.0 -0.0 -0.0 1 12.jpg
1 1 -1
13 0.5677569555011356 -0.15213001772368215 0.7814504087735197 -0.2093890059558353 -0.0 -0.0 -0.0 1 13.jpg
1 1 -1
14 0.2984874956289855 -0.07997948340457492 0.918650051349999 -0.24615153938604156 -0.0 -0.0 -0.0 1 14.jpg
1 1 -1
15 5.914589856893349e-17 -1.5848095757158822e-17 0.9659258262890683 -0.25881904510252074 -0.0 -0.0 -0.0 1 15.jpg
1 1 -1
16 -0.2984874956289854 0.07997948340457489 0.918650051349999 -0.24615153938604162 -0.0 -0.0 -0.0 1 16.jpg
1 1 -1
17 0.5677569555011355 -0.15213001772368212 -0.7814504087735198 0.20938900595583532 -0.0 -0.0 -0.0 1 17.jpg
1 1 -1
18 0.7814504087735196 -0.20938900595583523 -0.5677569555011356 0.15213001772368215 -0.0 -0.0 -0.0 1 18.jpg
1 1 -1
19 0.9186500513499989 -0.2461515393860416 -0.29848749562898563 0.07997948340457495 -0.0 -0.0 -0.0 1 19.jpg
1 1 -1
20 0.9659258262890683 0.25881904510252074 0.0 0.0 -0.0 -0.0 -0.0 1 20.jpg
1 1 -1
21 0.918650051349999 0.2461515393860416 0.29848749562898547 0.0799794834045749 -0.0 -0.0 -0.0 1 21.jpg
1 1 -1
22 0.7814504087735197 0.20938900595583526 0.5677569555011356 0.15213001772368212 -0.0 -0.0 -0.0 1 22.jpg
1 1 -1
23 0.5677569555011356 0.15213001772368215 0.7814504087735197 0.2093890059558353 -0.0 -0.0 -0.0 1 23.jpg
1 1 -1
24 0.2984874956289855 0.07997948340457492 0.918650051349999 0.24615153938604156 -0.0 -0.0 -0.0 1 24.jpg
1 1 -1
25 5.914589856893349e-17 1.5848095757158822e-17 0.9659258262890683 0.25881904510252074 -0.0 -0.0 -0.0 1 25.jpg
1 1 -1
26 -0.2984874956289854 -0.07997948340457489 0.918650051349999 0.24615153938604162 -0.0 -0.0 -0.0 1 26.jpg
1 1 -1
27 0.5677569555011355 0.15213001772368212 -0.7814504087735198 -0.20938900595583532 -0.0 -0.0 -0.0 1 27.jpg
1 1 -1
28 0.7814504087735196 0.20938900595583523 -0.5677569555011356 -0.15213001772368215 -0.0 -0.0 -0.0 1 28.jpg
1 1 -1
29 0.9186500513499989 0.2461515393860416 -0.29848749562898563 -0.07997948340457495 -0.0 -0.0 -0.0 1 29.jpg
1 1 -1
